0	0.67|0.00  0.00|0.33  	0.67|0.00  0.00|0.33  	0.67|0.00  0.00|0.33  	0.67|0.00  0.00|0.33  	0.67|0.00  0.00|0.33  	
1	0.52|0.14  0.14|0.19  	0.52|0.14  0.14|0.19  	0.52|0.14  0.14|0.19  	0.52|0.14  0.14|0.19  	0.52|0.14  0.14|0.19  	
2	0.57|0.10  0.14|0.19  	0.43|0.24  0.19|0.14  	0.48|0.19  0.29|0.05  	0.57|0.10  0.24|0.10  	0.38|0.29  0.24|0.10  	
3	0.62|0.05  0.24|0.10  	0.43|0.24  0.29|0.05  	0.57|0.10  0.19|0.14  	0.62|0.05  0.24|0.10  	0.33|0.33  0.14|0.19  	
4	0.67|0.00  0.33|0.00  	0.52|0.14  0.33|0.00  	0.57|0.10  0.10|0.24  	0.62|0.05  0.29|0.05  	0.38|0.29  0.24|0.10  	
5	0.67|0.00  0.33|0.00  	0.67|0.00  0.33|0.00  	0.52|0.14  0.29|0.05  	0.57|0.10  0.29|0.05  	0.38|0.29  0.19|0.14  	
6	0.67|0.00  0.33|0.00  	0.67|0.00  0.33|0.00  	0.57|0.10  0.24|0.10  	0.57|0.10  0.24|0.10  	0.52|0.14  0.19|0.14  	
7	0.67|0.00  0.33|0.00  	0.67|0.00  0.33|0.00  	0.57|0.10  0.24|0.10  	0.62|0.05  0.33|0.00  	0.48|0.19  0.24|0.10  	
8	0.67|0.00  0.33|0.00  	0.67|0.00  0.33|0.00  	0.52|0.14  0.33|0.00  	0.62|0.05  0.29|0.05  	0.38|0.29  0.29|0.05  	
9	0.67|0.00  0.33|0.00  	0.67|0.00  0.33|0.00  	0.57|0.10  0.29|0.05  	0.57|0.10  0.33|0.00  	0.48|0.19  0.29|0.05  	
10	0.67|0.00  0.33|0.00  	0.67|0.00  0.33|0.00  	0.62|0.05  0.24|0.10  	0.62|0.05  0.33|0.00  	0.48|0.19  0.33|0.00  	
11	TCA |TCT   TCA |TCT 	TCA |TCT   TCA |TCT 	TCA |TCT   TCA |TCT 	TCA |TCT   TCA |TCT 	TCA |TCT   TCA |TCT 	
